2540.0000000 5040.0000000 116.790139
2540.0000000 7550.0000000 116.790139
2540.0000000 9855.0000000 116.790139
-6085.000000 6925.0000000 50.000000
-6780.000000 6885.0000000 50.000000
6695.0000000 5900.0000000 50.000000
6695.0000000 8290.0000000 50.000000
4835.0000000 -55.00000000 1584.022173
6765.0000000 -1130.000000 1584.022173
6765.0000000 -820.0000000 50.000000
6765.0000000 25.000000000 50.000000
-3385.000000 8750.0000000 50.000000
-3385.000000 6465.0000000 50.000000
-3247.251053 5044.1504850 111.865827
-3247.251053 7554.1504850 111.865827
-3247.251053 9849.1504850 111.865827
-7367.251053 9599.1504850 50.000000
-6727.251053 9599.1504850 50.000000
4552.7489470 4409.1504850 50.000000
4552.7489470 7464.1504850 50.000000
3837.7489470 -40.84951500 50.000000
6632.7489470 3559.1504850 50.000000
-2097.251053 -2495.849515 1211.393698
-2097.251053 2864.1504850 1211.393698
1462.7489470 2864.1504850 1211.393698
1147.7489470 -2495.849515 1211.393698
-277.2510530 1094.1504850 2516.393698
3037.7489470 -3050.849515 50.000000
-3327.251053 -3180.849515 50.000000
1642.7489470 -4655.849515 50.000000
-1100.000000 6330.0000000 50.000000
140.00000000 9425.0000000 50.000000
2680.0000000 5900.0000000 50.000000
2680.0000000 8750.0000000 50.000000
-7735.000000 5120.0000000 50.000000
-6565.000000 3845.0000000 50.000000
-3520.000000 3670.0000000 50.000000
3275.0000000 2360.0000000 85.000000
5085.0000000 2360.0000000 85.000000
6605.0000000 2360.0000000 85.000000
-3265.000000 2275.0000000 50.000000
-6756.000000 1155.0000000 50.000000
-7705.000000 1155.0000000 50.000000
-3075.000000 -980.0000000 50.000000
-7725.000000 -2330.000000 50.000000
-7715.000000 -3325.000000 50.000000